1.000 0.89213 0.00046 
1.400 0.99778 0.00049 
1.420 1.00307 0.00049 
1.440 1.00647 0.00049 
1.460 1.01049 0.00049 
1.480 1.01507 0.00049 
1.500 1.01881 0.00049 
1.520 1.02172 0.00049 
1.540 1.02511 0.00048 
1.560 1.02978 0.00049 
1.580 1.03285 0.00049 
1.600 1.03604 0.00049 
1.620 1.03938 0.00049 
1.640 1.04328 0.00049 
1.660 1.04588 0.00049 
1.680 1.05005 0.00049 
1.700 1.05318 0.00049 
1.720 1.05505 0.00049 
1.740 1.05913 0.00049 
1.760 1.06247 0.00049 
1.780 1.06573 0.00049 
1.800 1.06899 0.00049 
2.200 1.11750 0.00049 
2.600 1.15448 0.00049 
3.000 1.18301 0.00046 
3.400 1.20556 0.00049 
3.800 1.22591 0.00049 
4.200 1.24274 0.00049 
4.600 1.25780 0.00042 
5.000 1.27110 0.00049 
